$ 1 0.000005 0.20306040966347483 51 10 62
162 368 112 432 112 2 default-led 1 0 0 0.01
v 336 160 272 160 0 0 40 9 0 0 0.5
w 304 112 368 112 0
w 432 112 448 112 0
w 448 112 448 160 0
w 448 160 336 160 0
w 272 224 272 160 0
p 368 48 432 48 1 0 0
w 368 112 368 48 0
p 272 224 336 224 1 0 0
w 336 224 336 160 0
w 432 48 432 112 0
w 272 160 256 160 0
370 176 160 176 112 1 0 0
w 176 112 240 112 0
w 176 160 256 160 0
174 272 48 272 96 1 10000 0.44060000000000005 Resistance
w 240 112 272 112 0
w 288 80 304 80 0
w 304 80 304 112 0
