$ 1 0.000005 0.20306040966347483 36 10 62
v 128 208 128 112 0 0 40 5 0 0 0.5
181 288 112 288 208 0 301.32402009482496 100 120 0.4 0.4
181 432 112 432 208 0 300.74038066671955 100 120 0.4 0.4
s 208 48 272 48 0 0 false
s 352 48 416 48 0 1 false
w 160 48 208 48 0
w 288 48 352 48 0
370 288 48 288 112 1 0 0
370 432 48 432 112 1 0 0
370 128 112 128 48 1 0 0
w 128 48 160 48 0
w 272 48 288 48 0
w 416 48 432 48 0
370 400 208 336 208 1 0 0
370 224 208 160 208 1 0 0
w 432 208 400 208 0
w 336 208 288 208 0
w 288 208 224 208 0
w 160 208 128 208 0
